1 program 0
32 test 0
30 ; 0
2 const 1
32 var1 1
20 := 1
33 2 1
27 , 1
32 var3 1
20 := 1
33 32 1
30 ; 1
3 var 2
32 var2 2
27 , 2
32 var6 2
30 ; 2
4 procedure 3
32 add 3
28 ( 3
32 var4 3
27 , 3
32 var5 3
29 ) 3
30 ; 3
5 begin 3
32 var6 3
20 := 3
32 var4 3
16 + 3
32 var5 3
30 ; 3
11 write 3
28 ( 3
32 var4 3
29 ) 3
30 ; 3
11 write 3
28 ( 3
32 var5 3
29 ) 3
6 end 3
5 begin 4
32 var1 5
20 := 5
17 - 5
33 10 5
19 / 5
33 5 5
16 + 5
33 2 5
18 * 5
33 3 5
30 ; 5
7 if 6
32 var1 6
26 = 6
32 var2 6
14 then 6
32 var2 6
20 := 6
32 var1 6
17 - 6
33 1 6
15 else 6
32 var2 6
20 := 6
32 var1 6
16 + 6
33 1 6
30 ; 6
8 while 7
32 var1 7
21 < 7
32 var2 7
13 do 7
32 var2 7
20 := 7
32 var2 7
17 - 7
33 1 7
30 ; 7
8 while 8
12 odd 8
33 2 8
13 do 8
32 var2 8
20 := 8
32 var2 8
16 + 8
33 2 8
30 ; 8
11 write 9
28 ( 9
32 var2 9
29 ) 9
30 ; 9
9 call 10
32 add 10
28 ( 10
32 var1 10
27 , 10
32 var3 10
29 ) 10
30 ; 10
11 write 11
28 ( 11
32 var6 11
29 ) 11
30 ; 11
10 read 12
28 ( 12
32 var2 12
29 ) 12
30 ; 12
11 write 13
28 ( 13
32 var2 13
29 ) 13
6 end 14
