1 program 0
32 test 0
30 ; 0
2 const 1
32 var1 1
20 := 1
33 2 1
27 , 1
32 var3 1
20 := 1
33 32 1
30 ; 1
3 var 2
32 var2 2
30 ; 2
4 procedure 3
32 pro1 3
28 ( 3
32 var2 3
29 ) 3
30 ; 3
5 begin 3
32 var2 3
20 := 3
33 0 3
6 end 3
5 begin 4
32 var2 5
20 := 5
17 - 5
33 10 5
19 / 5
33 5 5
16 + 5
33 2 5
18 * 5
33 3 5
30 ; 5
7 if 6
32 var1 6
24 >= 6
32 var2 6
14 then 6
32 var1 6
20 := 6
32 var2 6
15 else 6
32 var1 6
20 := 6
32 var1 6
16 + 6
33 1 6
30 ; 6
8 while 7
32 var1 7
21 < 7
32 var2 7
13 do 7
32 var1 7
20 := 7
32 var1 7
16 + 7
33 1 7
30 ; 7
8 while 8
12 odd 8
33 1 8
13 do 8
32 var1 8
20 := 8
32 var1 8
16 + 8
33 2 8
30 ; 8
9 call 9
32 pro1 9
28 ( 9
33 3 9
29 ) 9
30 ; 9
10 read 10
28 ( 10
32 var2 10
29 ) 10
30 ; 10
11 write 11
28 ( 11
33 3 11
17 - 11
33 2 11
29 ) 11
6 end 12
